Result : -471.000000 -959.000000 88.000000 
Time : 184803 mks

