Result : -137.000000 -650.000000 520.000000 
Time : 245821 mks

